EET 7200 EEST 10800
638334000 657082800 670388400 688532400 701838000 719982000
733287600 752036400 764737200 783486000 796186800 814935600
828241200 846385200 859690800 877834800 891140400 909284400
922590000 941338800 954039600 972788400 985489200 1004238000
1017543600 1035687600 1048993200 1067137200 1080442800 1099191600
1111892400 1130641200 1143342000 1162090800 1174791600 1193540400
1206846000 1224990000 1238295600 1256439600 1269745200 1288494000
1301194800 1319943600 1332644400 1351393200 1364698800 1382842800
1396148400 1414292400 1427598000 1445742000 1459047600 1477796400
1490497200 1509246000 1521946800 1540695600 1554001200 1572145200
1585450800 1603594800 1616900400 1635649200 1648350000 1667098800
1679799600 1698548400 1711854000 1729998000 1743303600 1761447600
1616900400 1632625200
1648350000 1664074800 1679799600 1695524400 1711854000 1727578800
1743303600 1759028400 1774753200 1790478000 1806202800 1821927600
1837652400 1853377200 1869102000 1885431600 1901156400 1916881200
1932606000 1948330800 1964055600 1979780400 1995505200 2011230000
2026954800 2042679600 2058404400 2074734000 2090458800 2106183600
2121908400 2137633200
